"x"
0.279117
0.00434601
0.224024
0.00103573
0.00114255
0.00111333
0.00432026
0.230307
0.30783
0.00138131
0.00289179
0.0067568
0.0281583
0.236406
0.00161682
0.00499123
0.422945
0.00668219
0.00899652
0.00632593
0.209875
0.0297235
0.00111164
0.00343039
0.0590974
0.00220444
0.498763
0.410472
0.499115
0.0655489
0.0014225
0.0152366
0.00315044
0.402682
0.41428
0.00843633
0.135382
0.00236548
0.00165749
0.00436992
0.0823868
0.00180845
0.213181
0.0519643
0.00139285
0.143539
0.0623697
0.128427
0.0630755
0.0192091
0.051544
0.0619229
0.38694
0.00118697
0.489271
0.00809439
0.071755
0.00784196
0.344267
0.00128891
0.132125
0.328229
0.00113178
0.00245968
0.272222
0.00428961
0.00308402
0.00138213
0.0377802
0.043278
0.0015905
0.00534743
0.00162158
0.00321701
0.333374
0.00965672
0.0178859
0.00165182
0.0216227
0.0012424
0.0390543
0.49183
0.00120242
0.0224665
0.0372715
0.00243658
0.00987249
0.322668
0.0375587
0.077757
0.158213
0.0230139
0.00308532
0.00234117
0.230491
0.00411418
0.00141387
0.00291832
0.00633551
0.0266757
