"x"	"x"	"x"	"x"	"x"	"x"	"x"	"x"	"x"	"x"
0.83452499411187	0.833871678644756	0.796924701535368	0.838426528466744	0.835875001922452	0.816564708063299	0.852639426287051	0.799562275420458	0.844143562355232	0.824179127877465
0	0	0	0	0	0	0	0	0	0
0.00261596340020062	0	6.03705476197175e-05	0	0.00662071856121894	0.00311325137876046	0.0012632612601445	0.00384703314675251	0	0.00711907788502747
0	0	0.00165299506966646	0	0	0.0136977681161475	0	0.00103630943396405	0.00180031645961608	7.08965989852058e-05
0.044656028538832	0.0396407307079457	0.0383605136304287	0.0439394073845214	0.033983654092919	0.045308589525671	0.0297071049568716	0.0331417366687693	0.0346746869235542	0.0400788323791542
0	0	0	0	0	0	0	0	0	0
0	0	0	0	0	0	0	0	0	0
0.00833576799047964	0.0149604096063704	0.0290730615378361	0.0179168697837259	0.0277362466811251	0.0403078513549594	0.0244899865045724	0.0220969279987462	0.0336320745548986	0.0165114314143379
0.0287426250247949	0.0447114962521119	0.04152217520897	0.031343966413928	0.0390883967724258	0.0277148392021174	0.0311627730901758	0.0285194822373693	0.0273561718229724	0.0269567063595182
0.0223926615138149	0.00485727607602541	0.00704519184990402	0.0135942190099571	0.00328201480773184	0.00362018928526912	0.0146116428324416	0.01051068697981	0.00834965257942056	0.00341687675896413
0	0.00549563759918556	0.0288625877235102	0.0059539785009356	0.00037554699412676	0.00792118386557443	0.00690005797431231	0.0111278290520987	0.0048054831474118	0.00835766423315845
0	0	0.00669083266156263	0	0	0.00995502756438192	0	0.0060968268696316	0.0110938862887953	0.0252320333027008
0.00566178977458779	0.00363473164790448	0.0279393674312009	0.0156975601650726	0.0190772400410313	0.00661483046103872	0.0046924759466852	0.0531958547121908	0.0105488518447698	0.00148974048588764
0.0014557834151011	0.00152528015105626	0.00165735580055135	0.000191583640569401	0	0.00601926829268797	0.00370289610740494	0.000474359573665017	0.0014027770312614	0.00570224735720259
0.0282957324629588	0.0315585556233218	0.00591686876429418	0.0189215500600193	0.0112830242790344	0.00931326210145732	0.0229722963247765	0	0.00721726346282111	0.00986458454853201
0.0023504630268781	0	0	0	0	0	0	0.0128483951978553	0	0
0	0.000782814797524229	0.00258079620230278	0	0	0	0	0.00816223859304322	0	0.00148590490059483
0	0	0	0	0	0	0	0	0	0
0.00721067592528523	0	0	0.00572929195581747	0.0122558603306001	0.00131642131031774	0	0.00128847946734495	0.00321621642486903	0.00907875175301459
0.00603403633313422	0.00633737286366402	0	0.00279197257756611	0.0061039542442276	0.00181025822513736	0	0	0	0.000350996501581928
0	0	0	0	0	0	0	0	0	0.0015322385778756
0	0	0	0	0	0	0	0	0	0
0	0	0	0	0	0	0	0	0	0
0	0	0	0	0	0	0	0	0	0
0	0	0	0.000250074320803415	0	0.00328044277559208	0	0	0.00784510794080357	0.00752269356459372
0	0	0	0	0	0	0	0	0	0
0	0	0	0	0	0	0	0	0	0
0	0	0	0	0	0	0	0	0	0
0	0	0	0	0	0	0	0	0	0
0	0	0	0	0	0	0	0	0	0
0.00180968928106945	0	0.0045310022146684	0	0	0	0	0	0	0
0	0	0	0	0	0	0	0	0	0
0	0	0	0	0.00157426719090212	0	0	0	0	0
0	0	0	0	0	0	0	0	0	0
0	0	0	0	0	0	0	0	0	0
0	0	0	0	0	0	0	0	0	0
0	0	0	0	0	0	0	0	0	0
0	0	0	0	0	0	0	0	0	0
0	0	0	0	0	0	0	0	0	0
0	0	0	0	0	0	0	0	0	0
0	0	0	0	0	0	0	0	0	0
0	0	0	0	0	0.00135954198629506	0	0	0	0
0	0	0	0	0	0	0.00189403709464967	0	0	0
0	0	0	0	0	0.00020938918867093	0	0	0	0
0	0	0	0	0	0	0	0	0	0
0	0	0	0	0	0	0	0	0	0
0	0	0	0	0	0	0	0	0	0
0	0	0	0	0	0	0	0	0	0
0	0	0	0	0	0	0	0	0	0
0	0	0.00115285245470744	0	0	0	0	0	0	0
0	0	0	0	0	0	0	0	0	0
0	0	0	0	0	0	0	0	0	0
0	0	0	0.000628419996653622	0	0	0	0	0	0
0	0	0	0	0	0	0	0	0	0
0	0.00365045156451416	0.00106928360204461	0.000242029882230642	0	0	0	0	0	0.0015384041285961
0.00218715499705604	0.000212055089644683	0.00145412353576022	0	0.000268213729748032	0	0	0	0	0.00139418163982482
0	0.000350850044806603	0.000488780522635057	0	0.000891145158988425	0	0.000882121109853414	0	0.000472532686802106	0
0	0.00060996450477763	0.00115657013890987	0	0	0.000113954551220148	0	0.00759176561162138	0.000334437524939022	0
0	0	0	0	7.76090041526115e-05	0	3.51479477013151e-05	0	0.00166434460606314	0.00115017367920031
0	0	0.00039249704253855	0.00244713500857973	0	0	0	0	0	0.00277595705772148
0.000175899021021917	0.0031494365224331	0.00146807252552112	0.000984158575733184	0.000884628451666027	0.000735154834875184	0.00220561612676376	0.00049979903667971	0	0.00340227929899784
0.00346796623319811	0.00376751746478321	0	0.000853968803984897	0.000371090684734551	0.000860701254536643	0.000135031140389597	0	0.00144263434576981	0.000789199697065314
0	0	0	0	0	0	0	0	0	0
0	0	0	0	0	0	0	0	0	0
0	3.32831235163735e-05	0	0	0	0	0	0	0	0
8.27689497166122e-05	0.000850457715658189	0	8.72854531575307e-05	0.000251387052915596	0.000163366661990496	0.00270612529620601	0	0	0
