"x"	"x"	"x"	"x"	"x"	"x"	"x"	"x"	"x"	"x"
0.0378151473028095	0.0391304366427667	0.0454545514629005	0.0403587475523213	0.0403587460911775	0.0466321243767414	0.0396475842906428	0.0420560763738886	0.0403587562606128	0.043062202815373
0	0	0	0	0	0	0	0	0	0
0.0451813222138566	0	0.0168547302959934	0.0442222180320829	0.00223746275006658	0.0531135166899334	0.0343036332041775	0.00412817103242826	0.0116050542405587	0
0.00883986164374401	0	0.0243696945484239	0	0.0223940771050556	0.0190914407850007	0	0.0222029526786621	0.0219086121322868	0.0547099698875638
0	0	0	0	0	0	0	0	0	0
0	0	0	0	0	0	0	0	0	0
0.151323619993102	0.23929885303077	0.139197209498156	0.259527322649508	0	0	0.19223883799129	0	0	0.178068024710632
0.04589121273308	0	0	0	0	0	0	0	0	0
0.0091458230084022	0.0247992914446352	0.0160143814979645	0.0265363207671864	0.0452430315848296	0.0373626226551741	0.00393680593007335	0.0273562193252388	0.0318912880566546	0.00628743794896943
0.13944682457757	0.115747276942261	0.138601376381955	0.134563585909375	0.147764171270062	0.120938593369767	0.188714734969206	0.152856574490093	0.0655461122832209	0.180499062744466
0.0444182064729219	0.073671436331321	0.0572589225208594	0.0743207305300596	0.0634727836233019	0.0687962357975313	0.0382056087738823	0.0287669043312967	0.0245000515123408	0.0696362400707467
0.00643006231504262	0	0	0.0129655329128048	0.000857041291602571	0.040307671353884	0.010616078012367	0.0501858968916143	0	0.00839450907162672
0.0198145112607845	0.0266402980843498	0.0341276965470705	0.046182071140825	0	0.00805272608361999	0	0	0	0
0	0	0.000435773668969372	0.0118697664401535	0.0491147868559233	0.00677131050890326	0.00492851901894205	0.00680733952955054	0.0348696467847169	0
0	0	0	0	0.0171461499799638	0	0	0	0	0
0	0	0.128994853533229	0.0738975822224311	0	0	0	0	0	0.151419314228535
0	0	0	0	0.0446302863154694	0	0	0	0	0
0	0	0.0120496146182687	0.0875550112280074	0.0904523645343248	0.103849902238716	0.28183702282917	0.306069921772899	0.209104753831294	0
0.00412567261039502	0.0340298134425775	0	0	0	0	0	0.12533247565566	0	0
0	0.0629153874682308	0.1197188551627	0	0.251896123385469	0	0.0122051777142793	0.0159534676234797	0	0
0	0	0	0	0	0	0	0	0	0
0.344096940331754	0	0	0.0229177433673404	0	0.459531148243157	0	0	0.303003185872718	0
0	0	0	0	0.0788178991505497	0	0	0	0	0
0	0.0631565286731484	0	0	0	0	0	0.0398435455412607	0	0
0	0	0	0	0	0	0	0	0	0
0	0.0819385240344762	0	0	0	0	0	0	0	0.0106487345659247
0	0	0	0	0	0	0	0	0	0
0	0.137290345277276	0	0	0	0	0	0	0	0.163569472017023
0	0	0	0	0	0	0	0	0	0
0	0	0	0	0	0	0	0	0	0
0	0.0294173933079742	0	0	0.0902691965434387	0	0	0	0	0
0	0	0	0	0	0	0	0	0	0
0	0	0	0	0	0	0	0	0	0
0	0	0	0	0	0	0	0	0	0
0	0	0	0	0	0	0	0	0	0
0	0	0	0	0	0	0	0	0	0
0	0	0.122384224031411	0	0	0	0	0	0	0
0	0	0	0	0	0	0.0209148407145879	0	0	0
0	0	0	0	0	0	0	0	0	0
0	0	0	0	0	0	0	0	0	0
0	0	0	0	0	0	0	0	0.146834251316012	0
0	0	0	0	0	0	0	0	0	0
0	0	0	0	0	0	0	0	0.00947310995353913	0
0	0	0	0	0	0	0	0.0917361563142749	0	0
0	0	0	0	0	0	0	0	0	0
0	0	0	0	0	0	0	0	0	0
0	0	0	0	0	0	0	0	0	0
0	0	0	0	0	0	0	0	0	0
0	0	0	0	0	0	0	0	0.030806013851823	0
0	0	0	0	0	0	0.0650807607252921	0	0	0
0	0	0	0	0	0	0	0	0	0
0.0804413416006734	0	0	0	0	0	0	0	0	0
0	0	0	0	0	0	0	0	0	0
0	0	0.0125544218248015	0	0	0	0	0	0	0.083761819493352
0	0	0	0.0303973399814507	0	0	0	0	0	0
0	0.0357835260136608	0	0.0694097949248762	0	0.0135810046835035	0	0	0	0.0251001457443219
0	0	0.0548839885302293	0.0268068331714792	0.0415664266489252	0	0	0	0	0
0.0256067517031761	0.00202767805522447	0	0	0	0.00826509365475543	0.0169775000684937	0	0.0157256609543583	0
0.0129663869187438	0	0	0	0.0137794528698411	0	0.0261851531520993	0.0263240292125416	0	0.0154487829072374
0	0	0.038072048526709	0.0285649909409584	0	0	0	0.00342122694122397	0	0
0.0238087554073168	0.0341532112513283	0	0.00824156312276179	0	0	0	0	0.0225891824890419	0.0093942837942291
0	0	0	0.00166284510637818	0	0	0.00927967385414519	0	0	0
0	0	0	0	0	0	0	0	0	0
0	0	0	0	0	0	0	0	0	0
0	0	0	0	0	0	0	0	0	0
0.000647559906627065	0	0.0390276573503592	0	0	0.0137066095593142	0.0549280687513522	0.0569590422858878	0.0317843204608228	0
