"x"	"x"	"x"	"x"	"x"	"x"	"x"	"x"	"x"	"x"
0.0302013448874947	0.0323741144444206	0.0340909180233902	0.0319148941712099	0.0318021240724215	0.0327272763784589	0.0327272830081826	0.0318021244059454	0.0329670391042654	0.0335820919624734
0	0	0	0	0	0	0	0	0	0
0.0149132516154625	0	0.00179929291341307	0	0.0364996194994294	0.0193130277696082	0.0250368011282859	0.0491431928187435	0	0.0140704389763094
0	0	0	0	0	0.0198068716380023	0	0.0274768403649209	0.0312276003315858	0
0	0	0	0	0	0	0	0	0	0
0	0	0	0	0	0	0	0	0	0
0.0371792430330347	0.11364067148322	0	0.148700780872346	0	0.193261820697764	0	0	0.101934226104809	0
0	0	0.0637298073419309	0	0	0	0	0	0.104515474713251	0
0.12975402616902	0.0588361499639663	0.133794527548603	0.110049936864097	0.15248922642961	0.129967006961076	0.110141505984135	0.113037722079573	0.121612157077262	0.120484508000438
0.0200792842319848	0.00201060156877969	0.013862886763963	0.0479425483133849	0	0	0.0177504582680441	0	0.0124841607123953	0.00899072596714558
0	0	0.025213518806347	0.0132180638422479	0.00687719599412873	0.0170007836086275	0.023525462486117	0.0336570973780508	0.0221590626142812	0
0	0	0.0204272364516245	0	0	0	0	0.0269124057108808	0.0155130574608434	0.0384588953040898
0.0713287175583716	0.0677842705141442	0.0881011601141612	0.0431471453884055	0.0614027923762468	0.0670025319088664	0.0913301713660056	0.0726652484200825	0.038751972701019	0.0160351775222662
0	0.0046953173977374	0	0.00255736714742572	0	0.000434992485020643	0	0.00278775874521904	0.0217296010882028	0.0213644639172229
0.0610000720695414	0.366661380594627	0	0	0	0.0964725747482702	0.242145160947561	0.0844979109780018	0	0
0	0	0.0569333500737993	0	0	0	0	0.0721506820062039	0	0
0	0.125575071040619	0.178582642719726	0	0	0	0	0.241662912907128	0.11436695656462	0.105296478767373
0	0	0	0	0	0	0.0777473817150131	0.062692420424067	0	0
0.125809514073849	0	0	0.13987249889767	0.200433510772451	0.0496641633608822	0	0.0572036201516646	0.117620805722442	0.00738973568570176
0.117270665540306	0.0234381770154538	0	0.0313545715203609	0.080121500889505	0	0	0	0	0
0.284549035831737	0	0	0	0.324333622248716	0	0.134188579200376	0	0	0.364081636566901
0	0	0	0	0	0	0	0.0808817550949747	0	0
0	0	0.193199107726358	0.352331564543677	0	0.2578230129351	0.0786853213439198	0	0	0
0	0	0	0	0	0	0	0	0	0
0	0	0	0	0	0	0	0	0.142042127661217	0.188253339619361
0	0	0.00627907321944854	0	0	0	0	0	0.0261055864802766	0
0	0	0	0	0.0139225752566756	0	0	0	0	0
0	0	0	0	0	0	0	0	0	0
0	0	0	0	0	0	0	0	0	0
0	0	0	0	0	0	0	0	0	0
0	0	0	0	0	0	0	0	0	0
0	0	0	0	0	0.0285737170986927	0	0	0.00237747375277323	0
0	0	0	0	0.0384523607520711	0	0	0	0	0
0	0	0	0	0	0	0	0	0	0
0	0	0	0	0	0	0	0	0	0
0	0	0	0	0	0	0	0	0	0
0.0414031199652547	0	0.017364489270521	0	0	0	0	0	0	0
0	0	0	0	0	0	0	0	0	0
0	0	0	0	0	0	0	0	0	0
0	0	0	0	0	0	0	0	0	0
0	0	0	0	0	0	0	0	0	0
0	0	0	0	0	0	0	0	0	0
0	0	0	0	0	0	0.0672176808288715	0	0	0
0	0	0	0	0	0	0	0	0	0
0	0.0599898315373821	0	0	0	0	0	0	0	0
0	0.0225773759509096	0	0	0.00248685294459035	0	0	0	0	0
0	0.0649241087792714	0	0	0	0	0	0	0	0
0	0	0	0	0	0.0642719361918212	0	0	0	0
0	0	0	0	0	0	0	0	0	0
0	0	0	0	0	0	0.0136146222308735	0	0	0
0	0	0	0	0	0	0	0	0	0
0	0	0	0	0	0	0	0	0	0
0	0	0	0	0	0	0	0	0	0
0	0	0	0	0	0	0	0	0	0
0	0	0.0437942004636334	0	0.00419526418393953	0	0	0.0101549990368303	0	0.0115332811279909
0.0551631820661337	0	0.0498924776974213	0	0	0	0	0	0	0.00110065445023798
0	0.000196624237168952	0.0113998805343699	0	0.0262356194716711	0	0.0147609458831448	0	0.00700402935031383	0
0	0.00718164389210349	0.0255402600945333	0	0	6.74968666438238e-06	0	0.0166651408468786	0.00869615706889566	0
0	0	0	0	0.00168468510072117	0	0.00421615179106622	0	0.0354579105221969	0.040897056079439
0	0	0.0025183453840061	0.0289740051494401	0	0	0	0.00233265912981221	0	0.00563031659901938
0.00603534063297791	0.0173495185833344	0.0334768248527505	0.023272414399794	0.00601253234321953	0.0206351997100291	0.0371118698226892	0.0142755095010228	0.000840208869281644	0
0.0053132023248324	0.0275995480688815	0	0.0204751110118188	0.0130505176646034	0	0.00477947575572493	0	0.0425943921000687	0.0228311994540299
0	0	0	0	0	0	0	0	0	0
0	0	0	0	0	0	0	0	0	0
0	0	0	0	0	0	0	0	0	0
0	0.00516559492798042	0	0.00618909787812213	0	0.00303833482111636	0.0250211282399885	0	0	0
