"x"	"x"	"x"	"x"	"x"	"x"	"x"	"x"	"x"	"x"
0.816857111251489	0.840312708136569	0.81095581400443	0.82109216353419	0.808529203994262	0.833961849171983	0.826141814605604	0.789269286905623	0.784091395657254	0.811030771794316
0	0	0	0	0	0	0	0	0	0
0.00206480289712854	0	0.006123162913353	0.00189157331669715	0.00162336147463962	0.00229405689422333	0.0137315836581919	0	0.00207152718412739	0
0.00389563469630178	0.00228518574759433	0.00234241073750249	0	0.00132799149816286	0.000636796264986545	0	0.0632238680492356	0.000657916337717684	0.003553546140364
0.0655892626494819	0.0739433437106208	0.0624187484558941	0.075395148844691	0.0924121338854779	0.0745653035040078	0.0675086907322801	0.0740851223512858	0.0548816518421039	0.0700835693021913
0	0	0	0	0	0	0	0	0	0
0	0.00819788060967671	0	0	0	0	0	0	0	0
0.0351942684299057	0.0131885641171187	0.0235121225355104	0.0275868226984303	0.00851535492960396	0.0238591334936348	0.0174683694210707	0.00624929590714742	0.0206350050788938	0.0180864674359584
0.00146485336939729	0.002739093597435	0.00538631085999111	0.00651006776285399	0.00683743759945978	0.00423786171677858	0.00184378545969905	0.00473347119849236	0.0191610095803476	0.0061719840370909
0.0204263042012111	0.0314764068317389	0.0198346810290623	0.0442725078104405	0.0243320687227502	0.0272624906490535	0.0244608719490898	0.0240238677331624	0.0233625061699964	0.0288535246832729
0.00309444864475661	0.00594839805379454	0.0409512290659632	0.0042979498917359	0.00539236590437511	0.00470832706483048	0.00574377627358575	0.00354925100868887	0.00331726953775231	0.00447276446039499
0.00367080504982624	0	0	0.00124909821741458	0.000248180961583004	0.00368982131422395	0.00175010777700548	0.00289133228553287	0.0627311865584657	0.0397023097365292
0.00239141943423298	0.000555864194176796	0.00185843766541617	0.00167109638312121	0.017075989594956	0.00374204016333613	0.0154433627115634	0.00110367693542954	0	0
0.02515519560414	0.00162141685053965	0.0137225608487679	0.00382865792246471	0.00628171032724388	0.01161816783238	0.00050629725171301	0.00195558138120651	0.00229816261382745	0
0	0	0	0	0	0	0	0	0	0
0.00282301885532187	0	0.0039642767849748	0	0.00961217646570654	0	0.0140713636720196	0.0102134558509254	0.0163643590042454	0.00356071987442398
0	0	0	0	0	0	0	0	0	0
0	0.00307495608704032	0	0	0	0.00805233527106792	0.00423416926823213	0.00413130287640199	0	0
0	0.00302196323820767	0	0	0	0	0	0.00621926356420194	0	0
0.00313029964141738	0.0022699582875356	0.00276016750357087	0	0.00851224602239598	0	0	0.00156785047161668	0	0
0	0	0	0	0	0	0	0	0	0
0	0.00730200576872049	0	0	0	0	0	0	0	0
0	0	0	0	0	0	0	0	0	0
0	0	0	0.00363731331699161	0	0	0	0	0	0
0	0	0	0	0.00475194234768562	0	0	0	0	0
0	0	0	0	0	0	0	0	0	0.000358898646644404
0	0	0	0	0	0	0	0	0	0
0	0	0	0	0	0	0	0	0	0.00252343164157989
0	0	0	0	0	0	0	0	0	0
0	0	0	0	0	0	0	0	0	0
0	0.000417541003488948	0	0	0.00134066562471774	0	0	0	0	0
0	0	0	0	0	0	0	0	0	0.00131982695513694
0	0	0	0	0	0	0	0	0	0
0	0	0	0	0	0	0	0	0	0
0	0	0	0	0	0	0	0	0	0
0	0	0	0	0	0	0	0	0	0
0	0	0	0	0	0	0	0	0	0
0	0	0	0	0	0	0.000581282254349102	0	0	0
0	0	0	0	0	0	0	0	0	0
0	0	0	0	0	0	0	0	0	0
0	0	0	0	0	0	0	0	0	0
0	0	0	0	0	0	0	0	0	0
0	0	0.0014073270851429	0	0	0	0	0	0.00018876596103204	0
0	0	0	0	0	0	0	0.00132109190854702	0	0
0	0	0	0	0	0	0	0	0	0
0	0	0	0	0	0	0	0	0	0
0	0	0	0	0	0	0	0	0.00282379524714212	0
0	0	0	0	0	0	0	0	0	0
0	0	0	0.000137112768473762	0	0	0	0	0.000119530213550006	0.00141462692159057
0	0	0	0	0	0	0	0	0	0.000525133657717864
0	0	0	0	0	0	0	0	0	0
0.0029016844584919	0	0	0	0	0	0	0	0	0
0	0	0	0	0	0	0	0	0	0
0	0	0	0	0	0	0	0	0	0.0024091232297434
0	0	0	3.35593210636758e-05	0	0	0	0	0.00047819683630371	0
0	0.0014688922711373	0.000967306234207299	0.00159284392848253	0	0.000820180885515541	0	0	0	5.10895170553537e-05
0	0	0.0020137756947016	0.000921931292044297	0.00226924543183876	0	0	0.000378745378788329	0	0
0.00047846266825146	4.84527536331868e-05	0	0	0.00041145835816819	0.000264453797133642	0.00351993403115765	0	0.000456439089133965	0.000308400105950761
0.00150892102595193	0	0	0	0.000526466856972924	0	0.000848974986824875	0.00109087990430443	0.00421929440080307	0.000284294995813363
0	0	0.000929565645107442	0.00132853352680729	0	0	0	0.000627921014478931	0	0.0052173713999214
0.00128909677601492	0.00212736874097192	0	0.0010743106460158	0	0	0	0	0.00106088430872883	7.21454643042257e-05
0	0	0	0.00347930881808179	0	1.05457105426708e-05	0.000811810467489219	0.000121902316839273	0	0
0	0	0	0	0	0	0	0	0	0
0	0	0	0	0	0	0	0	0	0
0	0	0	0	0	0	0	0	0	0
0.00806441034667912	0	0.00085210293640418	0	0	0.000276636266301747	0.00133380548012417	0.00324283295809129	0.00108110437857439	0
