"x"	"x"	"x"	"x"	"x"	"x"	"x"	"x"	"x"	"x"
0.838299591367727	0.856427898253504	0.837133013943505	0.821565865986618	0.780312801430426	0.811354331909852	0.85811855468955	0.811227213341675	0.815207668773829	0.828271763272611
0	0	0	0	0	0	0	0	0	0
0.0216417863809861	0.0188971595003585	0.0280279125682138	0.0179148900925032	0.018062456177302	0.0502302442054689	0.0202275620086179	0.0279477774892435	0.01894335384862	0.0382497555697828
0.00519162683621205	0	0	0	0	0	0	0.00595015311627619	0	0.00221583161345065
0.118186063838984	0.121591613587772	0.108722657570145	0.149373577292182	0.119467933893799	0.123830309388964	0.121653883301832	0.154314138526249	0.111101070780001	0.129175148742197
0	0	0	0	0	0	0	0	0	0
0	0	0	0	0	0	0	0	0	0
0	0	0	0	0	0	0	0	0	0
0.013011277783764	0	0.00887230360993685	0.00167012977737925	0	0.00105958008674445	0	0	0.00580221218397539	0
0	0.002606284356369	0.0034945082639168	0.00707610447391488	0	0.000899323369755141	0	0	0.0119359595121877	0.00208750080195911
0	0	0	0	0	0	0	0	0	0
0	0.000477044301997383	0.010100192294787	0	0	0	0	0	0	0
0	0	0.000212825969061573	0.0012464094570649	0.0821568084984734	0.0126262110392152	0	0	8.80011535761655e-05	0
0.00363365769855745	0	0	0	0	0	0	0	0	0
0	0	0	0	0	0	0	0	0	0
0	0	0	0	0	0	0	0	0	0
0	0	0	0	0	0	0	0	0	0
0	0	0	0	0	0	0	0	0	0
0	0	0	0	0	0	0	0	0	0
0	0	0	0	0	0	0	0	0	0
0	0	0	0	0	0	0	0	0	0
0	0	0	0	0	0	0	0	0	0
0	0	0	0	0	0	0	0	0	0
0	0	0	0	0	0	0	0	0	0
0	0	0	0	0	0	0	0	0	0
0	0	0	0	0	0	0	0	0	0
0	0	0	0	0	0	0	0	0	0
0	0	0	0	0	0	0	0	0	0
0	0	0	0	0	0	0	0	0	0
0	0	0	0	0	0	0	0	0	0
0	0	0	0	0	0	0	0	0	0
0	0	0	0	0	0	0	0	0	0
0	0	0	0	0	0	0	0	0	0
0	0	0	0	0	0	0	0	0	0
0	0	0	0	0	0	0	0	0	0
0	0	0	0	0	0	0	0	0	0
0	0	0	0	0	0	0	0	0	0
0	0	0	0	0	0	0	0	0	0
0	0	0	0	0	0	0	0	0.0252248594094588	0
0	0	0	0	0	0	0	0	0	0
0	0	0	0	0	0	0	0	0	0
0	0	0	0	0	0	0	0	0	0
0	0	0	0	0	0	0	0	0	0
0	0	0	0	0	0	0	0	0	0
0	0	0	0	0	0	0	0	0	0
0	0	0	0	0	0	0	0	0	0
0	0	0	0	0	0	0	0	0	0
0	0	0	0	0	0	0	0	0	0
0	0	0	0	0	0	0	0	0	0
0	0	0	0	0	0	0	0	0	0
0	0	0	0	0	0	0	0	0	0
0	0	0	0	0	0	0	0	0	0
0	0	0	0	0	0	0	0	0	0
0	0	0	0	0	0	0	0	0	0
0	0	0	0.0011530229203382	0	0	0	0	0	0
0	0	0	0	0	0	0	0	0	0
0	0	0	0	0	0	0	0	0	0
0	0	0	0	0	0	0	0	0.010924499980017	0
0	0	0	0	0	0	0	0	0	0
0	0	0	0	0	0	0	0	0	0
3.59960937699081e-05	0	0.00343658578043323	0	0	0	0	0.00056071752655606	0.00077237435833468	0
0	0	0	0	0	0	0	0	0	0
0	0	0	0	0	0	0	0	0	0
0	0	0	0	0	0	0	0	0	0
0	0	0	0	0	0	0	0	0	0
0	0	0	0	0	0	0	0	0	0
