"x"	"x"	"x"	"x"	"x"	"x"	"x"	"x"	"x"	"x"
0.847421610431984	0.837404953113046	0.808121314820672	0.833180306424429	0.83717201177645	0.857485829012636	0.819931309021747	0.776728921337885	0.819840550390147	0.839758543777617
0	0	0	0	0	0	0	0	0	0
0.00092181186104444	0.00033316444613138	0.000642874108387146	0	0.00147053291990799	0.000339653514252435	0.00416229605030487	0.0274919824128451	0.0171811871247405	0.00108520720257415
0.00657682381937233	0	0.0303235852151631	0	0.000112170720825868	0.00016305559665671	0	0.000117627919899407	0.00147172897625524	0
0.111402599535738	0.104280142302044	0.11840187488132	0.133305693980984	0.124269743953208	0.104479970963315	0.146100923062101	0.118869121893667	0.118646223062062	0.117709074220095
0	0	0.0015202088920632	0	0	0	0	0	0	0
0	0	0	0	0	0	0	0	0	0
0.00333743066239132	0	0	0	0.00275298821703914	0	0	0	0	0
0.000148357283797048	0.00747602078829302	0.00956421959928106	0.00401491649514072	0.00542917765651388	0.00871982009209552	0.00085236582478022	0.00118163569423135	0.0178727695995041	0.00264569186289996
0.00180488813359479	0.00890472517065941	0.000579803090853332	0	0.000759400619728471	0.00491810768296836	0.00313886171082367	0.00123914219373757	0.00493580315053469	0.00848219172591077
0.00303668510846596	0	0.00921672217636556	0.00251685008315977	0.00842911939964723	0.00152129235205915	0.000515632989768382	0.00187216740808281	0	0.00079259096551872
0	1.21671880721759e-05	0	0.000454194363879445	0	0	0.000174284878717712	0.000376781871782427	0	0.00259446821362097
0.00125095261907209	0.0195450329252099	0.00599989027206513	0	0	0.000264304386981039	0.00117375347329584	0.0414872867133546	0.00177489657989928	0.00100694240013451
0.0011169697784411	0.00033563320040878	8.32018054263123e-05	0	0.000507259136914043	0.0026096971456342	0.00240345713294007	0	0.000828284471488147	0
0.00130659593460106	0.00480165343595132	0	0.00306775941418265	0.000498570617620876	0	0.00199844531988058	0	0	0
0	0	0	0	0	0	0	0.00978244473791618	0	0
0	0.000493324631449531	0	0.00203963526402726	0	0.00149612086848933	0.00420191491982264	0	0	0.0042932095467593
0	0	0	0	0	0	0	0.00348395491827902	0	0
0.00122048195383868	0.00233610539328388	0.0033633934498236	0.000890449222077404	0.0127081283698418	0.010215456179695	0.00671922009510003	0.00434592162662493	0.00160920878485705	0.00223664891340473
0.00427547908549533	0.000576113696409763	0	0	0	0	0	0.000969140129126529	0.00148773650647601	0.000602961583888927
0	0	0.00235319928434559	0	0	0	0	0	0	0
0	0	0	0	0	0	0	0	0	0
0	0.00225814948365338	0	0	0	0	0	0.00603035374381768	0	0.0017604273707875
0	0	0	0	0	0	0	0	0	0
0.0122636760570775	0.0036675989505999	0.0082770767039091	0.00793358103670029	0	0	0.000538933756881517	0.000106449763401701	0.00946144857877944	0.0064106409960263
0	0	0	0	0	0	0	0	0	0
0	0	0	0	0	0	0	0	0	0
0	0	0	0	0	0	0	0	0	0
0	0	0	0	0	0	0	0	0	0
0	0	0	0	0	0	0	0	0	0
0	0.00408026505898764	0	0	0.0022781855305913	0	0	0	0	0.000492165836247539
0	0	0	0	0	0	0	0	0	0
0	0	0	0	0	0	0	0	0	0
0	0	0	0	0	0	0	0	0	0
0	0	0	0	0	0.00492480284031887	0	0	0	0
0	0	0	0	0	0	0	0	0	0
0	0	0	0	0	0	0	0	0	0
0	0	0	0	0	0	0	0	0	0
0	0	0	0	0	0	0	0	0	0
0	0	0	0	0	0	0	0	0	0
0	0	0	0	0	0	0	0	0	0
0	0	0	0	0	0	0	0	0	0
0	0	0	0	0	0	0	0	0	0
0	0	0.00098220954283494	0	0	0	0	0	0.000107004373430271	0
0	0	0	0	0	0	0	0	0	0
0	0	0	0	0	0	0	0	0	0
0	0	0	0	0	0	0	0	0	0
0	0	0	0	0	0	0	0	0	0
0	0	0	0	0	0.00102578354215937	0	0	0.00139570750701871	0
0	0	0	0	0	0	0	0	0.000165539504685711	0
0	0	0	0	0	0.00023873873366611	0	0	0	0
0	0	0	0	0	0	0	0	0	0
0	0	0	0	0	0	0	0	0	0
0	0	0	0	0	0	0	0	0	0
0.000104665923275853	0.000523285397650624	0	0.000148531309971108	0	0	0	0	8.41636052785865e-05	0
0	0	0	0	0.00135271783289666	0	0.000196226846352378	0	0	0
0.00011481709975532	0	7.83928867658492e-05	0	0	0	0.000664414166196378	0.00108784742404479	0	0
0	0.000222298912135364	0	0.00103166064957439	0.000863185511730039	0	0	0.00235979389112128	0.00127572061009126	0.000424701965850284
0	0	0	0.000985698179446144	0.000338244347301749	0.00104858464838563	0	0.000398790476517138	9.10637222642435e-05	0.00876836815532073
0.00028483526101394	0.000454666976565773	0	0	4.43868917661155e-05	0	0	0	0	0.000388329439121756
0.000945682385596394	0.000422197058505332	8.86838541890624e-05	0.00145248781429646	0.000503616396975478	0	0.0059744154694948	0.00141383894992569	0.00145014466420973	0.000139424437763301
0.00246563706544483	0.00122759406156701	0.000403349416534879	0.000803421930984086	0	0	0	0.000589025526437565	0	0
0	0	0	0	0	0	0	0	0	0
0	0	0	0	0	0	0	0	0	0
0	0	0	0	0	0	0	0	0	0
0	0.00064490780937586	0	0.00817481383114757	0.000510560101041565	0.000548782440687737	0.00125354528179322	6.77713673024122e-05	0.000320818788277555	0.000408411386458873
