Phenotype	Beta	Err	R2	R2.Err	Sex	PGS_sex
albumin	0.427847196551227	0.0162623049325639	0.0269430149265993	0.00202161096629777	0	M
albumin	0.435979210201875	0.0162111825547697	0.0281196370780749	0.00195093242246855	1	M
albumin	0.462400258915909	0.0161983455017555	0.031568818052902	0.00241567503930906	0	F
albumin	0.462340940624284	0.0162075330293636	0.0315263307660336	0.00207450047945181	1	F
arm_fatfree_mass_L	0.0755862600110095	0.00254668998940238	0.0340398394566737	0.0092141541042891	0	M
arm_fatfree_mass_L	0.145666988940308	0.00362487428786134	0.0606798845659185	0.00309279088905492	1	M
arm_fatfree_mass_L	0.0813886796026116	0.00254404857652305	0.0393319336041942	0.0100878897761528	0	F
arm_fatfree_mass_L	0.142933238197346	0.00362270007278843	0.0586219816941894	0.00307709803070705	1	F
arm_fatfree_mass_R	0.0654751535882754	0.00190390583075713	0.0451732599870867	0.00288005657886504	0	M
arm_fatfree_mass_R	0.122374224896243	0.00344317799275819	0.0481002052810541	0.00285571319853489	1	M
arm_fatfree_mass_R	0.0669691636608899	0.00187195464368543	0.0487045209484206	0.00274697424062861	0	F
arm_fatfree_mass_R	0.117871494154865	0.00350278334165	0.043335653605876	0.00284171700986952	1	F
bmi	0.930633096078924	0.0318025251983958	0.0331207934671002	0.00241593133045753	0	M
bmi	0.786682463292422	0.0260804612765572	0.0351185904570377	0.0023846299074087	1	M
bmi	0.969326230782144	0.0323452856089811	0.0346803778387476	0.00224238008793421	0	F
bmi	0.72404256882441	0.0256901517459898	0.0307967206160364	0.0024283745866438	1	F
calcium	0.0158929358107185	0.000604183386296764	0.0269344151534505	0.0016947157474397	0	M
calcium	0.0160850057281648	0.000557849890051518	0.0321879628761224	0.00245745833781067	1	M
calcium	0.016390171835352	0.00060389017010999	0.0286241840562017	0.00205048681791916	0	F
calcium	0.0157063182552725	0.000558055441834446	0.0307143007900295	0.00228514113467273	1	F
creatinine	0.990849102114497	0.0831494935656917	0.00564846585623755	0.00179683719339963	0	M
creatinine	1.25586220101219	0.10524017862832	0.00566433043719431	0.00121097646595423	1	M
creatinine	1.36155725772827	0.0822748493533317	0.0108367816447369	0.00256301689741302	0	F
creatinine	1.39498165555557	0.106019538244859	0.00687800540673416	0.00196695459846437	1	F
diastolicBP_auto	0.905220541266713	0.0660240706963218	0.00746354933524943	0.00108209443114827	0	M
diastolicBP_auto	0.867413131662571	0.0661468391132181	0.0068320529670508	0.000881838239552284	1	M
diastolicBP_auto	1.2978618954383	0.0652630062224665	0.0155740160799983	0.00197051292249193	0	F
diastolicBP_auto	0.967825135097757	0.0665957539252008	0.00837802386527513	0.00113886527380764	1	F
eosinophil_perc	0.303517974460263	0.0106974567116082	0.0311987491490573	0.00251771006637099	0	M
eosinophil_perc	0.361367096386203	0.0118073172901693	0.036117170920966	0.00225555634759139	1	M
eosinophil_perc	0.349969115656202	0.0106147082655157	0.0416727250083612	0.00247707065639761	0	F
eosinophil_perc	0.360864232261685	0.0118364719411239	0.0358494677618948	0.00257304182064866	1	F
FVC_best	0.0684964703817404	0.00327663778799228	0.0171809750012461	0.00170030472900765	0	M
FVC_best	0.0936618484627182	0.00462262650655992	0.0161572800013376	0.00168920342175127	1	M
FVC_best	0.0670057430772147	0.00318886897171778	0.0173556861381476	0.00203264444210355	0	F
FVC_best	0.101037420957762	0.00475230618251884	0.0177610069346722	0.00167980739719362	1	F
HbA1c	0.661640863546027	0.0363782141556407	0.0130601246333128	0.00200939199712177	0	M
HbA1c	0.798655632143707	0.0461564859287599	0.0118352581138611	0.00137686951626627	1	M
HbA1c	0.652009034262538	0.0364197363300132	0.0126588889219804	0.00136296427473593	0	F
HbA1c	0.715669093804155	0.0461679820651982	0.00952100397911139	0.00118514121797083	1	F
height	2.38536115513871	0.0361599793694114	0.148268642142726	0.0045950416542046	0	M
height	2.59485379037443	0.0396206525532348	0.146454853711632	0.00406392392087678	1	M
height	2.50010923777427	0.0358928737837923	0.162540018719379	0.00469280273101368	0	F
height	2.68426599843112	0.0393333405768008	0.157046356067833	0.00391551055262034	1	F
hip_circ	1.45529479812537	0.0650200615259645	0.0196464755687837	0.00168170944149443	0	M
hip_circ	1.22502791605837	0.0468241116624346	0.0266511607706082	0.00239807740266101	1	M
hip_circ	1.93841814984223	0.0639439430525341	0.0354578230188084	0.00239329784362843	0	F
hip_circ	1.22958564546794	0.0472306943502279	0.0263964659684989	0.00195671614646096	1	F
IGF1	1.11811783552771	0.0358303521173664	0.0374947814972996	0.00255496860409772	0	M
IGF1	1.32685379717288	0.0339865104445813	0.0574677192233275	0.00270549274312412	1	M
IGF1	1.29730635379266	0.0356273592540491	0.0503694532270609	0.00283519996000461	0	F
IGF1	1.30718086486086	0.0339778544472812	0.0558976166232728	0.00296299003595926	1	F
lymphocyte_perc	1.32000216167361	0.0447448844090461	0.033643009091495	0.00209113212428925	0	M
lymphocyte_perc	1.31464906469305	0.0460780899339831	0.031536165150602	0.00233493330298994	1	M
lymphocyte_perc	1.37004852830431	0.0446988780928079	0.0362202295181305	0.00224782639660821	0	F
lymphocyte_perc	1.35791860221666	0.0460132735523954	0.0336668756755445	0.0024177611055361	1	F
protein_total	0.592104419166508	0.0252151501837081	0.0215820470857765	0.00152710285414005	0	M
protein_total	0.631418315523601	0.0253408499438149	0.0242343980312102	0.00200028260251288	1	M
protein_total	0.593816656460847	0.025140704639447	0.0218302556064523	0.00186912361640786	0	F
protein_total	0.644810994732226	0.0254036152137706	0.0251256438304613	0.00192197801781424	1	F
pulse_rate	1.46559570095656	0.0688633927147082	0.0177970292252366	0.00159091424774653	0	M
pulse_rate	1.58850964218045	0.0764495402229522	0.0169780537782096	0.00159967778048696	1	M
pulse_rate	1.77753483646016	0.0681248334256936	0.0265124862777863	0.0019859225273894	0	F
pulse_rate	1.72961414013221	0.076819053892125	0.0198763282656712	0.00154430291666578	1	F
RBC_count	0.0862973368763212	0.00207898881203189	0.0644818427573427	0.00297192213414011	0	M
RBC_count	0.0866622285275167	0.0022413763574992	0.0564286443687413	0.00300415634367603	1	M
RBC_count	0.0964524265285912	0.00205279136067075	0.0811478582148113	0.00366159785545447	0	F
RBC_count	0.095208814718036	0.00223620697288474	0.0676117026178262	0.002774049359434	1	F
SHBG	7.29813957928318	0.18888935501106	0.0563525863515858	0.00278647268809317	0	M
SHBG	5.39263166428187	0.0996349904877672	0.104893201195174	0.00361679675352919	1	M
SHBG	7.7371143014994	0.187864924868346	0.0635404626438366	0.00297621327390863	0	F
SHBG	5.0126602694501	0.100599168793976	0.0903478543109334	0.0037044099107404	1	F
systolicBP_auto	1.99597561002956	0.126667205740858	0.00983522474608103	0.00126418259281551	0	M
systolicBP_auto	1.55175918203763	0.116993201081869	0.006988379272021	0.00116791243939661	1	M
systolicBP_auto	2.42232316477032	0.127274473141398	0.0142832948639333	0.0015733575516033	0	F
systolicBP_auto	1.8956482745449	0.115965329916862	0.0105763594689286	0.00129418387348902	1	F
testosterone	0.00937736136794083	0.00395469470204045	0.000224870479471329	0.00020563054917381	0	M
testosterone	0.9268779056447	0.0224897310172402	0.0636240792874469	0.00312849225400851	1	M
testosterone	0.0558082004169744	0.00391916911680315	0.00804626224716041	0.00125397687132418	0	F
testosterone	0.00174154841334483	0.0233698276648445	2.22154300107963e-07	4.74024978058735e-05	1	F
urate	20.1987185558769	0.402647964992145	0.091460805636432	0.00335095684595051	0	M
urate	16.1199494813389	0.439243225797699	0.0511236180354002	0.00306059921670366	1	M
urate	20.9380496238928	0.401581557662286	0.0980814719003753	0.00355304593354917	0	F
urate	13.3437993107501	0.442504716030609	0.0350994636493328	0.00203175234949978	1	F
urea	0.130955002494038	0.00840192241869261	0.00962457242550737	0.00113481096036498	0	M
urea	0.174241247303756	0.00892722223815183	0.015010514576152	0.00138715024665339	1	M
urea	0.157321179508922	0.00836379172847377	0.0139559378525033	0.00161220893831889	0	F
urea	0.18339248970142	0.00894131123369417	0.016550363200324	0.00163111351159017	1	F
waist_circ	1.68236613586889	0.0776118362119934	0.0184498295356995	0.00178661344117063	0	M
waist_circ	1.91294326299492	0.071378881280107	0.027929127632363	0.00219898148099586	1	M
waist_circ	1.86788965123411	0.0779667664328539	0.0224449855624888	0.00204034023639235	0	F
waist_circ	1.68461689883366	0.0711316490853055	0.0219449495848169	0.00197378894351963	1	F
waist_to_hip	0.00678463072461911	0.000439667368866177	0.00943585591219036	0.00115657956171816	0	M
waist_to_hip	0.00768355277143668	0.000401712581417398	0.0144237522453354	0.00139651646734562	1	M
waist_to_hip	0.013405244551223	0.000434820962103033	0.0366283321075607	0.00244560820352395	0	F
waist_to_hip	0.00460404928030554	0.00040243364128259	0.00520856566790431	0.000894800544172595	1	F
weight	2.57145600183947	0.0857360881209746	0.0347353751884819	0.00253370360143161	0	M
weight	3.06819094465998	0.0896377832168417	0.0447698175970672	0.00268581008693681	1	M
weight	2.98144400350389	0.0860852796841757	0.045786336088026	0.00239046309388297	0	F
weight	2.86752986801027	0.0889642035893462	0.0399020835171785	0.00262779685955355	1	F
whole_body_fat_mass	1.62967726263137	0.0619948832132968	0.0268994846060403	0.00201667430878556	0	M
whole_body_fat_mass	1.48053214050716	0.0504755358253324	0.033271550463302	0.0021816686993456	1	M
whole_body_fat_mass	1.74730180532469	0.0611275968990179	0.0316510292510117	0.00264331628551252	0	F
whole_body_fat_mass	1.48159234902757	0.0510984720088361	0.0325365085484219	0.00223913326356274	1	F
wth_bmi_adj	0.00520124683250273	0.00039293217504959	0.00696050901343657	0.000918228230880907	0	M
wth_bmi_adj	0.00611703404145276	0.000329995966555628	0.0135590838231118	0.0014025016003099	1	M
wth_bmi_adj	0.0140657316734203	0.00038254441697179	0.051307530278453	0.0025823923926071	0	F
wth_bmi_adj	0.00486692051391504	0.000332169659446276	0.00851470484680497	0.00104512581586061	1	F
