"x"	"x"	"x"	"x"	"x"	"x"	"x"	"x"	"x"	"x"
0.834656526697182	0.845869239600505	0.815611383741865	0.783098370176174	0.822856792610968	0.830123696839128	0.844776944665836	0.807607129622677	0.79111593584848	0.807417526430648
0	0	0	0	0	0	0	0	0	0
0.000174236134046987	0	0	0	0	0	0	0	0	0
0	0	0	0	0.0285444900445581	0	0	0.000436811647000556	0	0
0.132121028243849	0.145590029047959	0.133051792898328	0.147754947148226	0.139379495403142	0.151977147660802	0.148122297091992	0.155413344827982	0.145681912865351	0.164217084974193
0	0	0	0	0	0	0	0	0	0
0	0	0	0	0	0	0	0	0	0
0	0	0	0	0	0	0	0	0	0
0.0255421458012124	0.00278469899295467	0.0132011829901384	0.000792650409449184	0.000824393824107862	0	0	0.0314007895583297	0	0
0	0.00115423837776958	0	0	0.00839482811722346	0.00231340283446784	0.0046645622282539	0.00514192434401117	0	0.00500470987554034
0	0	0	0.0303557272519753	0	0	0	0	0	0
0	0	0	0	0	0	0	0	0	0
0	0	0	0.0379983050141751	0	0	0.000798693503003971	0	0	0
0.000636572399345982	0	0.00367378751710141	0	0	0	0	0	0.0632021512861687	0
0	0	0	0	0	0	0	0	0	0
0	0	0	0	0	0	0	0	0	0
0	0	0	0	0	0	0	0	0	0
0	0	0	0	0	0	0	0	0	0
0	0	0	0	0	0	0	0	0	0
0	0	0	0	0	0	0	0	0	0
0	0	0	0	0	0	0	0	0	0
0	0	0	0	0	0	0	0	0	0
0	0	0	0	0	0	0	0	0	0
0	0	0	0	0	0	0	0	0	0
0	0	0	0	0	0	0	0	0	0
0	0	0	0	0	0	0	0	0	0
0	0	0	0	0	0	0	0	0	0
0	0	0	0	0	0	0	0	0	0
0	0	0	0	0	0	0	0	0	0
0	0	0	0	0	0	0	0	0	0
0	0	0	0	0	0	0	0	0	0
0	0	0	0	0	0	0	0	0	0
0	0	0	0	0	0	0	0	0	0
0	0	0	0	0	0	0	0	0	0
0	0	0	0	0	0	0	0	0	0
0	0	0	0	0	0	0	0	0	0
0	0	0	0	0	0	0	0	0	0
0	0	0	0	0	0	0	0	0	0
0	0	0	0	0	0	0	0	0	0
0	0	0	0	0	0	0	0	0	0
0	0	0	0	0	0	0	0	0	0
0	0	0	0	0	0	0	0	0	0
0	0	0	0	0	0	0	0	0	0
0	0	0	0	0	0	0	0	0	0
0	0	0	0	0	0	0	0	0	0
0	0	0	0	0	0	0	0	0	0
0	0	0	0	0	0	0	0	0	0
0	0	0	0	0	0	0	0	0	0
0	0	0	0	0	0	0	0	0	0
0	0	0	0	0	0	0	0	0	0
0	0	0	0	0	0	0	0	0	0
0	0	0	0	0	0	0	0	0	0
0	0	0	0	0	0	0	0	0	0
0	0	0	0	0	0	0	0	0	0
0	0.00074407046082889	0	0	0	0	0	0	0	0
0	0	0	0	0	0	0	0	0	0
0.00686949072436327	0	0	0	0	0	0	0	0	0.0103579448020191
0	0	0	0	0	0	0	0	0	0
0	0	0	0	0	0	0.00163750251091426	0	0	0
0	0	0	0	0	0	0	0	0	0
0	0.00313035775079068	0	0	0	0.0155857526656029	0	0	0	0
0	0.000727365769192583	0.0344392349558407	0	0	0	0	0	0	0
0	0	0	0	0	0	0	0	0	0
0	0	0	0	0	0	0	0	0	0
0	0	0	0	0	0	0	0	0	0
0	0	2.26178967267711e-05	0	0	0	0	0	0	0.0130027339176001
